<?xml version="1.0" encoding="UTF-8"?>
<kml xmlns="http://earth.google.com/kml/2.1" xmlns:trails="http://www.google.com/kml/trails/1.0">
  <Document>
    <name>RK_kml _2011-06-17_0800AM.kml</name>
    <Placemark>
      <name>Mountain Biking 6/17/11 8:00 am</name>
        <Style>
          <LineStyle>
            <color>ff0000ff</color>
            <width>4</width>
          </LineStyle>
        </Style>
      <MultiGeometry>
        <LineString>
          <tessellate>1</tessellate>
          <coordinates>
113.693497,34.814998,90.0
113.693896,34.814671,89.85714285714286
113.694069,34.81425,89.625
113.694221,34.813821,89.44444444444444
113.694369,34.813395,89.3
113.694524,34.812988,89.18181818181819
113.694654,34.81255,88.81818181818181
113.694728,34.81211,88.72727272727273
113.694703,34.811659,88.54545454545455
113.694594,34.811236,88.36363636363636
113.694329,34.810823,88.45454545454545
113.694626,34.810466,88.54545454545455
113.694818,34.810017,88.45454545454545
113.694892,34.80958,88.45454545454545
113.695332,34.809288,88.45454545454545
113.695726,34.808977,88.45454545454545
113.695798,34.808901,88.63636363636364
113.69594,34.808747,88.72727272727273
113.696064,34.808593,88.72727272727273
113.696186,34.808423,88.81818181818181
113.696286,34.808243,88.9090909090909
113.69637,34.808067,88.81818181818181
113.696457,34.807886,89.0
113.696535,34.807705,89.36363636363636
113.696604,34.807526,89.72727272727273
113.696676,34.80734,90.0909090909091
113.696748,34.807164,90.45454545454545
113.696805,34.807001,90.36363636363636
113.696858,34.806837,90.36363636363636
113.696927,34.806671,90.36363636363636
113.697001,34.806519,90.36363636363636
113.69704,34.806353,90.36363636363636
113.697096,34.806196,90.27272727272727
113.69715,34.806036,89.9090909090909
113.697204,34.805876,89.54545454545455
113.697273,34.805721,89.18181818181819
113.697337,34.805563,88.81818181818181
113.697384,34.805401,88.54545454545455
113.697429,34.805246,88.54545454545455
113.697466,34.805085,88.54545454545455
113.697508,34.804918,88.54545454545455
113.697551,34.804745,88.54545454545455
113.697595,34.804567,88.54545454545455
113.697613,34.804386,88.63636363636364
113.697656,34.804203,88.72727272727273
113.697719,34.804016,88.63636363636364
113.697776,34.803825,88.63636363636364
113.697828,34.803631,88.63636363636364
113.697905,34.803448,88.54545454545455
113.697979,34.803268,88.27272727272727
113.697998,34.803085,88.18181818181819
113.698015,34.802908,88.0909090909091
113.698038,34.802731,88.0
113.697998,34.802644,87.9090909090909
113.697923,34.802503,87.81818181818181
113.698038,34.802466,87.72727272727273
113.698231,34.802422,87.81818181818181
113.698312,34.802323,87.81818181818181
113.69842,34.802151,88.0
113.698508,34.801995,88.18181818181819
113.69859,34.801841,88.54545454545455
113.698713,34.801558,88.72727272727273
113.698782,34.801382,88.9090909090909
113.698812,34.801292,89.0
113.698876,34.80112,89.0909090909091
113.698947,34.800931,89.18181818181819
113.699002,34.800731,89.27272727272727
113.699044,34.800532,89.36363636363636
113.699072,34.800339,89.27272727272727
113.699121,34.800145,89.0
113.699147,34.799945,88.72727272727273
113.699163,34.799839,88.45454545454545
113.699192,34.799677,88.18181818181819
113.699207,34.799515,87.9090909090909
113.699223,34.799358,87.72727272727273
113.699232,34.799252,87.54545454545455
113.699252,34.799096,87.36363636363636
113.699269,34.798998,87.18181818181819
113.6993,34.798808,87.0909090909091
113.699334,34.798615,87.18181818181819
113.699357,34.798414,87.27272727272727
113.69938,34.798215,87.36363636363636
113.699411,34.798024,87.45454545454545
113.699444,34.797838,87.54545454545455
113.699463,34.797654,87.63636363636364
113.699483,34.797464,87.72727272727273
113.699507,34.797269,87.81818181818181
113.699543,34.797082,88.0
113.699571,34.796906,88.18181818181819
113.699588,34.796725,88.27272727272727
113.699597,34.796538,88.36363636363636
113.699612,34.796346,88.45454545454545
113.699644,34.796158,88.36363636363636
113.699679,34.795969,88.27272727272727
113.699689,34.795876,88.18181818181819
113.69971,34.795692,88.0909090909091
113.699746,34.795509,88.0
113.699778,34.795326,87.9090909090909
113.699808,34.79515,87.72727272727273
113.699827,34.794967,87.54545454545455
113.699818,34.794863,87.36363636363636
113.699808,34.794691,87.18181818181819
113.699874,34.794525,87.0909090909091
113.699898,34.794353,87.18181818181819
113.699924,34.794167,87.27272727272727
113.699954,34.79398,87.36363636363636
113.699992,34.793806,87.54545454545455
113.700025,34.793635,87.72727272727273
113.700087,34.793361,87.9090909090909
113.700145,34.793182,88.0909090909091
113.70018,34.792992,88.18181818181819
113.700217,34.79279,88.27272727272727
113.700233,34.792611,88.36363636363636
113.700246,34.792434,88.45454545454545
113.700263,34.792255,88.63636363636364
113.700299,34.791949,88.81818181818181
113.700334,34.791774,89.18181818181819
113.700367,34.791586,89.45454545454545
113.700426,34.791131,89.72727272727273
113.700483,34.790703,90.0
113.700519,34.790446,90.27272727272727
113.700544,34.790264,90.63636363636364
113.700556,34.790088,91.0
113.700573,34.789988,91.36363636363636
113.700588,34.789813,91.63636363636364
113.700616,34.789651,91.81818181818181
113.700649,34.78947,92.0
113.700669,34.789314,92.0
113.700685,34.789159,92.0
113.700715,34.788971,92.0
113.700743,34.788788,92.0
113.700733,34.788629,92.0
113.700753,34.788476,92.0
113.700786,34.788351,92.0
113.700834,34.788193,92.0
113.700849,34.788022,92.0
113.700841,34.787858,92.0
113.700917,34.787677,92.0
113.700952,34.787461,92.0
113.700988,34.787305,92.0
113.70103,34.787142,92.0
113.701073,34.786984,91.9090909090909
113.701108,34.786807,91.81818181818181
113.701136,34.78663,91.72727272727273
113.701162,34.786475,91.63636363636364
113.70118,34.786364,91.54545454545455
113.701196,34.786194,91.54545454545455
113.701208,34.786019,91.54545454545455
113.701218,34.78585,91.54545454545455
113.701229,34.785684,91.54545454545455
113.701235,34.785523,91.54545454545455
113.701276,34.785368,91.54545454545455
113.701294,34.78521,91.63636363636364
113.701306,34.785054,91.72727272727273
113.701323,34.78485,91.81818181818181
113.701325,34.784646,91.9090909090909
113.701327,34.784445,92.18181818181819
113.701336,34.784246,92.36363636363636
113.701349,34.784092,92.54545454545455
113.701366,34.783938,92.72727272727273
113.701381,34.783777,92.9090909090909
113.701402,34.783618,92.81818181818181
113.701414,34.783513,92.72727272727273
113.70143,34.783355,92.63636363636364
113.701454,34.783199,92.54545454545455
113.701482,34.783046,92.54545454545455
113.701513,34.782847,92.54545454545455
113.701539,34.782646,92.36363636363636
113.701566,34.782451,92.18181818181819
113.701598,34.782263,91.9090909090909
113.701611,34.782075,91.63636363636364
113.701639,34.78188,91.36363636363636
113.701674,34.78168,91.36363636363636
113.701697,34.78148,91.36363636363636
113.701719,34.781295,91.54545454545455
113.701734,34.781129,91.72727272727273
113.701666,34.780974,91.9090909090909
113.701463,34.780935,92.0
113.701273,34.780942,92.0909090909091
113.701046,34.780953,92.0909090909091
113.700474,34.780926,92.18181818181819
113.699929,34.78091,92.27272727272727
113.699358,34.780936,92.36363636363636
113.698812,34.780951,92.45454545454545
113.698385,34.780983,92.81818181818181
113.698195,34.780915,93.0
113.698149,34.78072,93.18181818181819
113.698152,34.780614,93.27272727272727
113.698166,34.780457,93.45454545454545
113.698176,34.780355,93.54545454545455
113.698189,34.780149,93.72727272727273
113.698186,34.779991,93.9090909090909
113.69817,34.779796,94.18181818181819
113.698154,34.779608,94.54545454545455
113.698131,34.77942,94.9090909090909
113.698105,34.779237,95.0
113.698115,34.778801,94.9090909090909
113.698107,34.778368,94.63636363636364
113.698082,34.777928,94.36363636363636
113.698013,34.777502,94.3
113.697988,34.777071,94.33333333333333
113.697978,34.776638,94.375
113.697672,34.776178,94.42857142857143
113.697284,34.776193,94.33333333333333
          </coordinates>
        </LineString>
      </MultiGeometry>
    </Placemark>
  </Document>
</kml>
